CSKO01 RKSL 042200
CLIMAT 07013
47101 111 19964 20052 30253013 402840228 5259 60871521 7096067 8000000
9000000
222 08110 19977 20063 30245008 402910208 5243 6038413 7144 8000000
9000000
333 02712 10000 20000 32120 41708 50200 60000 70000 8000000 9000004
444 0028029 1022315 2032327 3020326 4140015 5111624 60600 721515=

47105 111 10012 20041 30270021 403070239 5243 60242413 7166120 8000000
9000000
222 08110 10037 20068 30242012 402780211 5228 6024312 7138 8000000
9000000
333 03122 10000 20000 31309 40602 50000 6//// 7//// 8000000 9////
444 0030609 1022911 2034720 3020914 4069015 5117402 6//// 721515=

47108 111 19953 20050 30255010 402830234 5256 60676523 7101084 8000000
9000000
222 08110 19965 20064 30249009 402860219 5245 6039513 7120 8000000
9000000
333 03009 10000 20000 32316 41306 50101 60000 70000 8020000 9000001
444 0027101 1023612 2031301 3020503 4165013 5118008 60600 721515=

47112 111 19971 20048 30241010 402640224 5285 60447518 7103065 8000000
9000000
222 08110 19981 20061 30240010 402760215 5245 6032012 7157 8000000
9000000
333 02400 10000 20000 31813 40902 50100 60000 70000 8010000 9000116
444 0026219 1022106 2029419 3019403 4148213 5117931 60400 721515=

47115 111 19802 20051 30247015 402750223 5237 60058110 7185122 8000000
9000000
222 08110 19823 20075 30223013 402520200 5232 6017009 7151 8000000
9000000
333 02903 10000 20000 31004 40200 50000 60000 70000 8150000 9000009
444 0027129 1021805 2031829 3020607 4020514 5121324 60100 721515=

47133 111 19982 20060 30268012 403010240 5297 60219215 7153109 8000000
9000000
222 08110 19987 20064 30250010 402900218 5245 6033413 7140 8000000
9000000
333 03019 10000 20000 31512 40801 50000 60000 70000 8000000 9000000
444 0028922 1023005 2033222 3021906 4063405 5112516 60100 721515=

47138 111 10056 20059 30284020 403260248 5265 60166308 7185115 8000000
9000000
222 08110 10071 20077 30249012 402870220 5247 6020310 7161 8000000
9000000
333 03128 10600 20000 30804 40301 50100 60000 70000 8000000 9000000
444 0031311 1024115 2036629 3021513 4119005 5112902 60400 721515=

47159 111 19995 20074 30261014 402910239 5252 60131106 7217131 8000000
9000000
222 08110 19994 20074 30241014 402730218 5255 6031711 7166 8000000
9000000
333 03011 10000 20000 30605 40300 50000 60000 70000 8080000 9000003
444 0028331 1023505 2031929 3021804 4046504 5119802 60200 721515=

47165 111 10026 20069 30264014 402950243 5316 60225307 7156099 8000000
9000000
222 08110 10015 20070 30248013 402830223 5262 6023710 7158 8000000
9000000
333 03015 10000 20000 30706 40502 50000 60000 70000 8010000 9000003
444 0028330 1023306 2033019 3021706 4078407 5116216 60400 721515=

47168 111 10000 20073 30258013 402880239 5308 60128107 7207131 8000000
9000000
222 08110 19998 20076 30242013 402710221 5257 6029211 7158 8000000
9000000
333 02908 10000 20000 30703 40300 50000 60000 70000 8030000 9000003
444 0027926 1023307 2034526 3022106 4044204 5116205 60300 721515=

47184 111 10049 20072 30287016 403210257 5279 60015003 7247126 8000000
9000000
222 08110 10041 20067 30258012 402900233 5261 6024010 7196 8000000
9000000
333 03126 10300 20000 30301 40100 50000 60000 70000 8030000 9000000
444 0030929 1023401 2036330 3020001 4011426 5122405 60100 721515=