UEKO01 RKSL 301200
TTDD  8012/ 47090 11970 66578 22665 59780 33552 61579 44370
57180 55300 51982 66241 53182 77174 49983 21212 11861 25534
22503 00000 33390 10520 44334 00000 55291 01519 66270 05027
77227 09028 88194 11009 99174 06019 31313 45708 81121=
TTDD  8012/ 47102 11975 62779 22845 65978 33621 59180 44519
59980 55193 48383 66097 45784 77081 39786 88060 41186 99057
37187 11054 37187 21212 11951 25519 22794 23035 33747 26524
44698 22020 55651 24023 66545 09007 77512 18001 88414 12025
99338 11003 11287 01017 22264 04524 33254 09018 44198 09513
55148 03025 66143 05523 77126 05027 88106 07011 99086 36012
11083 36016 22071 02031 33061 01507 44054 03519 31313 45708
81134=
TTDD  8012/ 47122 11943 65961 22854 62962 33740 64762 44623
59964 55527 61564 66425 55566 77393 56966 88292 51968 99142
46569 11126 42170 21212 11649 22017 22561 22513 33442 12502
44363 09018 55314 11511 66270 08006 77244 06513 88183 09022
99138 03521 11126 04527 31313 52106 81111=
TTDD  8012/ 47138 11903 65578 22792 68377 33717 63978 44543
62979 55334 54381 66099 46584 77069 37787 88055 37987 99047
31189 21212 11720 22005 22667 20017 33534 07503 44404 08522
55385 12024 66329 07503 77235 06030 88181 09027 99154 04515
11138 04532 22093 09513 33079 02025 44073 04523 55068 02507
66067 35506 77065 36010 88063 36017 99061 36022 11056 36014
22055 36018 33047 00519 31313 45708 81117=
TTDD  8012/ 47158 11977 69565 22557 64368 33417 57570 44366
58971 55198 50773 66189 47973 77105 47774 88078 39975 21212
11998 22529 22963 25033 33932 26525 44911 25019 55890 23522
66860 25027 77818 24023 88776 26017 99744 24014 11691 23004
22674 18010 33658 17011 44636 18011 55619 16513 66592 20010
77542 12010 88538 13010 99521 11004 11476 09014 22396 07020
33373 11529 44358 13019 55345 09511 66331 13516 77320 10009
88312 07514 99268 08028 11246 08525 22239 07516 33219 07022
44186 05030 55182 04529 66175 08025 77151 07519 88136 05535
99111 08030 11097 04527 22092 09519 33087 06034 44082 03512
55079 02015 66078 03515 31313 52108 81111=
TTDD  8012/ 47169 11913 68777 22618 62979 33552 63978 44483
59380 55249 53582 66199 48383 77138 49183 88087 43385 99082
38386 11072 36787 21212 11990 23022 22946 25530 33909 27524
44851 24023 55714 28514 66658 17013 77552 00000 88487 10018
99402 08022 11377 12026 22352 08511 33270 08030 44195 09026
55185 06531 66173 09029 77149 06524 88127 06036 99114 08532
11108 06526 22104 09523 33102 07015 44087 07030 55083 04511
66072 04013 31313 45708 81133=
TTDD  8012/ 47185 11983 68977 22932 68577 33872 71376 44777
71576 55762 67777 66743 68777 77704 64778 88616 66178 99550
61779 11476 62579 22297 53382 33215 49783 44179 51182 55147
45584 66100 44385 21212 11741 24521 22712 34003 33686 09508
44606 18012 55493 06521 66472 11019 77285 08030 88184 07524
99164 09032 11138 05543 22119 08029 33113 07540 44105 08020
55100 06028 31313 45708 81122=
TTDD 80121 47261 NIL=