UKKO01 RKSL 061200
TTBB  56128 47090 00025 19828 11978 15611 22912 12026 33899
11009 44858 09802 55853 07442 66851 09413 77841 09430 88839
10817 99831 11613 11770 09423 22678 02602 33660 03023 44617
01702 55586 02356 66557 05501 77543 05734 88526 05763 99509
06567 11489 09336 22462 12511 33444 12928 44377 23105 55356
24356 66279 38322 77261 40117 88212 47919 99183 53360 11154
62564 22121 69567 33100 70767 44100 70767 21212 00025 05004
11916 12502 22844 13019 33761 15502 44462 24534 55274 24052
66208 24587 77132 23553 88113 24064 99100 25551 31313 45708
81103=
TTBB  56128 47102 00003 20857 11984 21256 22968 20457 33899
16018 44694 04006 55651 00611 66621 01917 77601 01197 88545
03961 99477 12550 11424 18119 22399 19106 33337 28111 44314
31922 55298 35549 66277 40123 77254 44724 88245 43357 99220
45769 11198 51172 22177 57341 33160 61358 44137 64164 55135
62765 66127 63766 77106 72372 88100 72972 21212 00003 09016
11958 14023 22606 18511 33544 23525 44499 21026 55427 25541
66407 24051 77361 20044 88257 23556 99222 23098 11184 23107
22134 24555 33111 22548 44100 24063 31313 45708 81135=
TTBB  56126 47122 00016 22657 11860 13813 22776 11229 33679
03817 44628 01832 55560 03959 66530 06104 77436 14510 88362
24907 99359 26334 11324 29727 22261 40519 33189 52535 44153
63539 55106 71133 66105 71133 21212 00016 07505 11875 13029
22800 16513 33690 18506 44590 21517 55517 20017 66433 21521
77165 24079 88105 22550 31313 52106 81109 51515 10155 61616
11900 12023 22800 16513 33600 21518=
TTBB  56128 47138 00023 22221 11968 18210 22936 16800 33840
12200 44782 10600 55712 04200 66631 01213 77617 00256 88553
01968 99540 03169 11497 07774 22476 09364 33457 11329 44369
22704 55322 29510 66244 40121 77128 70359 88109 75159 99105
71960 11100 73559 21212 00023 05013 11928 05528 22882 08015
33779 15021 44709 16503 55685 15516 66515 21011 77471 20535
88435 22012 99224 24053 11109 23541 22100 24033 31313 45708
81120=
TTBB  56128 47158 00018 22847 11863 17257 22719 06620 33690
06460 44676 05256 55654 04867 66609 02470 77529 06760 88497
08961 99474 10343 11317 29550 22276 36546 33254 37957 44192
50558 55105 76561 21212 00018 05510 11005 04514 22954 11007
33908 11524 44799 12004 55730 14010 66701 16511 77664 13019
88583 17517 99537 16517 11520 19023 22496 18531 33477 21029
44429 22524 55327 20534 66177 23561 77126 24041 88109 21537
31313 52108 81108 61616 11900 11522 22800 12004 33600 17020=

TTBB  56128 47169 00009 21824 11988 23037 22924 18623 33916
20036 44840 15639 55788 11412 66756 09419 77737 08424 88722
07645 99700 07056 11695 08466 22652 05268 33639 03860 44617
03474 55544 04168 66484 11759 77483 11757 88482 10313 99421
15112 11358 24103 22304 29930 33246 40126 44195 51918 55173
56324 66151 62360 77109 73964 88100 71764 21212 00009 05014
11940 10522 22871 06514 33603 17016 44375 19537 55325 20526
66204 22565 77131 24544 88110 21039 99100 24534 31313 45708
81130=
TTBB  56128 47185 00009 23831 11999 25241 22970 22634 33936
21031 44928 22043 55886 18430 66836 16256 77807 13656 88793
12011 99741 07821 11736 10862 22719 11070 33658 06668 44643
07075 55597 01672 66520 05173 77491 07170 88469 09367 99424
14966 11399 18161 22386 20317 33370 21765 44356 23962 55329
28147 66294 30308 77244 40116 88212 48718 99196 48550 11131
68562 22107 76162 33105 72962 44100 72161 21212 00009 07009
11754 12530 22652 14029 33595 12011 44439 18032 55398 18517
66326 18038 77276 22028 88206 21557 99196 23038 11118 23015
22107 20023 33102 23023 44100 22522 31313 45708 81120=
TTBB 56121 47261 NIL=