ULKO01 RKSL 300000
TTCC  80001 47090 70872 62379 19513 50081 57580 16503 30406
52982 08017 20671 49183 05519 10131 45984 06510 88951 65178
25535 77999 31313 45708 82318=
TTCC  80001 47102 70872 62979 22018 50082 59380 14512 30406
53781 08015 20670 48383 03517 10129 43585 11514 88999 77999
31313 45708 82333=
TTCC  80001 47122 70883 61565 23022 50095 55767 13002 30424
49570 08012 20693 43571 09518 10166 36574 10514 88944 65963
26036 77999 31313 52106 82312=
TTCC  80001 47138 70873 64778 20509 50080 58380 12018 30404
52782 08524 20666 47783 08525 10126 42785 09510 88999 77999
31313 45708 82320=
TTCC  80001 47158 70877 63971 20506 50085 58573 10006 30409
52175 07524 20673 47576 08524 10136 39576 10514 88999 68568
22036 77999 31313 52108 82309=
TTCC  80001 47169 70874 65178 24505 50081 58580 11507 30404
54181 08527 20666 48183 09026 10127 42385 13525 88925 70177
24033 77999 31313 45708 82332=
TTCC  80002 47185 70873 66974 13012 50080 60372 13517 30402
55567 08031 20664 46967 08033 88999 77999 31313 45708 82323=

TTCC 80001 47261 NIL=