ULKO01 RKSL 301200
TTCC  80122 47090 70874 61029 22720 50082 60379 23501 30407
51982 01511 20669 50383 10514 88970 66628 24732 77103 1062141234 31313 45708 81121=
TTCC 80121 47102 NIL=
TTCC  80122 47122 70876 62762 23020 50086 58365 15505 30411
52367 11007 20675 48769 08022 88999 77103 10221 41234 3131352106 81111=

TTCC  80121 47138 70875 64578 19015 50082 60379 06007 30405
54781 07515 20667 50582 09020 10124 46184 07524 88999 77999
31313 45708 81117=
TTCC  80121 47158 70873 65967 27508 50079 60369 06011 30401
54372 08517 20663 50973 08522 10120 45174 06022 88999 77999
31313 52108 81111=
TTCC 80121 47169 NIL=
TTCC  80121 47185 70877 64978 07505 50082 61379 06019 30404
53582 09022 20667 49583 07031 10124 44384 06028 88999 77999
31313 45708 81122=
TTCC 80121 47261 NIL=