USKO01 RKSL 300000
TTAA  80001 47090 99017 18202 34006 00160 17205 18511 92820
13606 00514 85530 10406 00511 70127 01804 17510 50574 14580
19019 40740 24386 21538 30944 37187 21054 25068 44784 21553
20215 50182 23557 15401 54981 23571 10653 63778 24047 88999
77159 23077 42709 31313 45708 82318=
TTAA  80001 47102 99000 18650 05002 00/// ///// ///// 92818
15046 04014 85530 11043 02013 70128 03868 02513 50577 13986
29512 40742 26590 29516 30945 39386 29021 25067 47184 27030
20213 50582 25048 15400 55381 24543 10653 63778 25539 88230
49783 27525 77999 31313 45708 82333=
TTAA  80001 47122 99010 18014 00000 00137 17610 01506 92804
15606 09508 85519 11806 16507 70117 03007 31008 50577 13570
27018 40744 23573 24029 30949 35770 24039 25073 42568 23547
20222 47568 22072 15409 54166 25056 10663 63764 24037 88999
77132 22574 42018 31313 52106 82312=
TTAA  80001 47138 99017 20212 36002 00145 19220 04009 92814
16208 25506 85531 13021 23511 70138 04650 20510 50580 09791
22545 40748 22192 22557 30954 36387 22069 25078 44374 23091
20226 50383 23572 15411 59780 23079 10659 70177 23044 88102
70376 22546 77253 23093 41616 31313 45708 82320=
TTAA  80001 47158 99015 20816 28001 00139 19831 30003 92808
16223 00000 85523 11839 27009 70131 06471 26019 50579 12174
23534 40747 21974 24049 30953 36371 23555 25077 43171 23078
20226 47572 24558 15412 58371 23572 10661 68568 22036 88999
77262 22084 43525 31313 52108 82309=
TTAA  80001 47169 99006 20415 36007 00140 19041 02510 92805
15636 00516 85521 13457 31006 70131 06683 26011 50579 11790
26024 40747 21592 24038 30952 37387 24049 25076 43585 23066
20224 47583 25061 15410 57380 23558 10660 67577 22029 88999
77127 24070 40944 31313 45708 82332=
TTAA  80001 47185 99007 21005 05006 00138 21407 01515 92812
17200 02012 85532 13800 02008 70149 05601 27011 50581 12368
23037 40749 20972 23554 30956 34169 22072 25081 41571 23577
20230 48973 25079 15414 59976 23068 10660 70173 23538 88103
71172 22540 77216 24586 40309 31313 45708 82323=
TTAA 80001 47261 NIL=