USKO01 RKSL 061200
TTAA  56121 47090 99025 19828 05004 00227 17425 04507 92888
13030 04504 85594 09612 13017 70204 04607 20013 50588 07760
23530 40758 19904 24037 30966 33726 24048 25091 42116 23569
20240 49350 24585 15423 63564 23067 10666 70767 25551 88121
69567 23559 77208 24587 41912 31313 45708 81103=
TTAA  56121 47102 99003 20857 09016 00187 20857 09518 92871
18033 16017 85591 14016 16013 70202 04609 19515 50588 09160
21027 40757 19106 23050 30964 34948 22556 25088 44534 23062
20237 50771 23094 15418 61561 24574 10663 72972 24063 88999
77184 23107 40826 31313 45708 81135=
TTAA  56121 47122 99016 22657 07505 00188 20856 08012 92859
17036 11519 85577 14015 14525 70197 05621 18006 50588 08306
20021 40758 19512 22027 30965 33517 22041 25091 41118 23051
20240 50526 23570 15422 64339 23571 88999 77165 24079 40410
31313 52106 81109 51515 10155=
TTAA  56121 47138 99023 22221 05013 00203 20426 03524 92873
16400 06027 85590 12600 09516 70203 03800 16007 50589 07375
20520 40759 18507 22019 30968 31724 22036 25095 38922 23045
20245 48945 23549 15428 63157 23547 10668 73559 24033 88109
75159 23541 77999 31313 45708 81120=
TTAA  56121 47158 99018 22847 05510 00172 22856 05514 92848
18844 10518 85573 16250 11507 70195 06045 16511 50589 08760
18530 40759 19132 21528 30967 32343 22035 25094 38757 22053
20243 48557 24054 15426 63161 22548 10665 74361 22531 88105
76561 22534 77177 23561 40515 31313 52108 81108=
TTAA  56121 47169 99009 21824 05014 00166 23027 08011 92845
18624 10522 85571 15829 08512 70194 07056 15017 50589 09562
17529 40759 18107 20030 30968 30734 21537 25096 39325 22559
20245 50714 22564 15428 62560 24049 10669 71764 24534 88109
73964 21538 77204 22565 41207 31313 45708 81130=
TTAA  56121 47185 99009 23831 07009 00152 24839 06511 92833
21844 09516 85562 16220 11023 70190 09869 13521 50590 06169
16026 40761 17961 18517 30970 29908 20530 25097 38714 22546
20246 48741 22047 15430 62560 24532 10671 72161 22522 88107
76162 20023 77999 31313 45708 81120=
TTAA 56121 47261 NIL=